{
    "camera_angle_x": 0.6911112070083618,
    "frames": [
        {
            "file_path": "./train/image_0",
            "rotation": 0.012566370614359171,
            "transform_matrix": [
                [
                    -0.1850123268017836,
                    0.6079885664708564,
                    -0.7720882588798966,
                    -3.847972454400279
                ],
                [
                    -0.9799230144661457,
                    -0.05472918118421906,
                    0.1917179305723205,
                    -0.8262389993228934
                ],
                [
                    0.07430654764175414,
                    0.7920571426225298,
                    0.6059074997901917,
                    -0.8720305514554966
                ],
                [
                    0.0,
                    0.0,
                    0.0,
                    1.0
                ]
            ]
        },
        {
            "file_path": "./train/image_1",
            "rotation": 0.012566370614359171,
            "transform_matrix": [
                [
                    -0.1850123268017836,
                    0.6079885664708564,
                    -0.7720882588798966,
                    -3.847972454400279
                ],
                [
                    -0.9799230144661457,
                    -0.05472918118421906,
                    0.1917179305723205,
                    -0.8262389993228934
                ],
                [
                    0.07430654764175414,
                    0.7920571426225298,
                    0.6059074997901917,
                    -0.8720305514554966
                ],
                [
                    0.0,
                    0.0,
                    0.0,
                    1.0
                ]
            ]
        },
        {
            "file_path": "./train/image_2",
            "rotation": 0.012566370614359171,
            "transform_matrix": [
                [
                    -0.1850123268017836,
                    0.6079885664708564,
                    -0.7720882588798966,
                    -3.847972454400279
                ],
                [
                    -0.9799230144661457,
                    -0.05472918118421906,
                    0.1917179305723205,
                    -0.8262389993228934
                ],
                [
                    0.07430654764175414,
                    0.7920571426225298,
                    0.6059074997901917,
                    -0.8720305514554966
                ],
                [
                    0.0,
                    0.0,
                    0.0,
                    1.0
                ]
            ]
        },
        {
            "file_path": "./train/image_3",
            "rotation": 0.012566370614359171,
            "transform_matrix": [
                [
                    -0.72657025,
                    0.0702134,
                    0.68349526,
                    -3.76845717
                ],
                [
                    0.60626502,
                    -0.40259201,
                    0.68582975,
                    -1.29993677
                ],
                [
                    0.32332423,
                    0.91268265,
                    0.24994345,
                    0.59907854
                ],
                [
                    0,
                    0,
                    0,
                    1
                ]
            ]
        },
        {
            "file_path": "./train/image_4",
            "rotation": 0.012566370614359171,
            "transform_matrix": [
                [
                    -0.8186857,
                    -0.45247827,
                    -0.35357777,
                    -3.76845717
                ],
                [
                    -0.32609579,
                    -0.14048941,
                    0.93483913,
                    -1.29993677
                ],
                [
                    -0.47266841,
                    0.88063955,
                    -0.0325346,
                    0.59907854
                ],
                [
                    0,
                    0,
                    0,
                    1
                ]
            ]
        },
        {
            "file_path": "./train/image_5",
            "rotation": 0.012566370614359171,
            "transform_matrix": [
                [
                    -0.16175578,
                    0.31354821,
                    -0.93569361,
                    -3.76845717
                ],
                [
                    -0.93236081,
                    0.2621026,
                    0.24900938,
                    -1.29993677
                ],
                [
                    0.32332423,
                    0.91268265,
                    0.24994345,
                    0.59907854
                ],
                [
                    0,
                    0,
                    0,
                    1
                ]
            ]
        }
    ]
}